0,0.0796019900497512,0.0,0.0497512437810945,0.0796019900497512,0.0746268656716417,0.1343283582089552,0.0199004975124378,0.0646766169154228,0.0497512437810945,0.0547263681592039,0.0248756218905472,0.0398009950248756,0.0398009950248756,0.0199004975124378,0.0597014925373134,0.0348258706467661,0.0497512437810945,0.099502487562189,0.0099502487562189,0.0149253731343283
0,0.0739130434782608,0.0239130434782608,0.0326086956521739,0.0326086956521739,0.0521739130434782,0.0369565217391304,0.0130434782608695,0.0739130434782608,0.0369565217391304,0.1152173913043478,0.0239130434782608,0.0608695652173913,0.05,0.0260869565217391,0.0739130434782608,0.0913043478260869,0.0717391304347826,0.058695652173913,0.0217391304347826,0.0304347826086956
0,0.0730253353204172,0.0283159463487332,0.0342771982116244,0.0283159463487332,0.0685543964232488,0.0655737704918032,0.0104321907600596,0.081967213114754,0.0327868852459016,0.0983606557377049,0.0283159463487332,0.0268256333830104,0.052160953800298,0.0238450074515648,0.0417287630402384,0.0938897168405365,0.0581222056631892,0.0774962742175856,0.0283159463487332,0.0476900149031296
0,0.088235294117647,0.0,0.0294117647058823,0.0294117647058823,0.0514705882352941,0.0735294117647058,0.0220588235294117,0.088235294117647,0.0147058823529411,0.088235294117647,0.0073529411764705,0.0588235294117647,0.0588235294117647,0.0294117647058823,0.0294117647058823,0.0808823529411764,0.0808823529411764,0.0808823529411764,0.0220588235294117,0.0661764705882353
0,0.0764872521246459,0.0377714825306893,0.0538243626062322,0.0642115203021718,0.0302171860245514,0.0840415486307837,0.0113314447592068,0.065155807365439,0.068932955618508,0.0698772426817752,0.0254957507082152,0.0424929178470254,0.0594900849858356,0.0387157695939565,0.0424929178470254,0.0670443814919735,0.0632672332389046,0.0642115203021718,0.0113314447592068,0.0236071765816808
0,0.0895522388059701,0.0074626865671641,0.0746268656716417,0.0895522388059701,0.0298507462686567,0.0671641791044776,0.0298507462686567,0.0522388059701492,0.0820895522388059,0.0820895522388059,0.0223880597014925,0.0373134328358208,0.0074626865671641,0.044776119402985,0.0223880597014925,0.0522388059701492,0.0671641791044776,0.0820895522388059,0.0149253731343283,0.044776119402985
0,0.0784313725490196,0.1045751633986928,0.0718954248366013,0.065359477124183,0.0261437908496732,0.0392156862745098,0.0457516339869281,0.0457516339869281,0.0849673202614379,0.0718954248366013,0.0326797385620915,0.065359477124183,0.0326797385620915,0.0065359477124183,0.0130718954248366,0.0392156862745098,0.0392156862745098,0.0588235294117647,0.0326797385620915,0.0457516339869281
0,0.1023102310231023,0.0214521452145214,0.0594059405940594,0.0709570957095709,0.0429042904290429,0.0643564356435643,0.0247524752475247,0.0462046204620462,0.0495049504950495,0.0973597359735973,0.0445544554455445,0.0214521452145214,0.0462046204620462,0.0297029702970297,0.0792079207920792,0.0627062706270627,0.0429042904290429,0.0528052805280528,0.0099009900990099,0.0313531353135313
0,0.0542476970317297,0.0081883316274309,0.0491299897645854,0.0736949846468782,0.0665301944728761,0.0624360286591606,0.014329580348004,0.0655066530194472,0.0726714431934493,0.09007164790174,0.0307062436028659,0.0573183213920163,0.0337768679631525,0.0276356192425793,0.0542476970317297,0.0726714431934493,0.0655066530194472,0.0532241555783009,0.0153531218014329,0.0327533265097236
0,0.1055718475073313,0.0058651026392961,0.0703812316715542,0.0351906158357771,0.0351906158357771,0.0850439882697947,0.0263929618768328,0.0703812316715542,0.0733137829912023,0.0557184750733137,0.0175953079178885,0.0498533724340175,0.0439882697947214,0.0175953079178885,0.0293255131964809,0.0733137829912023,0.0586510263929618,0.1055718475073313,0.0087976539589442,0.032258064516129
0,0.081025641025641,0.0143589743589743,0.0615384615384615,0.0687179487179487,0.0553846153846153,0.0789743589743589,0.0194871794871794,0.0728205128205128,0.043076923076923,0.08,0.0328205128205128,0.0317948717948717,0.04,0.0297435897435897,0.0553846153846153,0.0574358974358974,0.0594871794871794,0.0789743589743589,0.0164102564102564,0.0225641025641025
0,0.046875,0.0390625,0.046875,0.0625,0.015625,0.0546875,0.015625,0.0859375,0.1328125,0.109375,0.0078125,0.03125,0.0390625,0.0703125,0.078125,0.0546875,0.0546875,0.03125,0.0,0.0234375
0,0.1026694045174538,0.0102669404517453,0.0595482546201232,0.1047227926078028,0.0246406570841889,0.0410677618069815,0.0246406570841889,0.0595482546201232,0.1232032854209445,0.1047227926078028,0.0225872689938398,0.0431211498973305,0.0225872689938398,0.0225872689938398,0.0369609856262833,0.0677618069815195,0.0492813141683778,0.0492813141683778,0.0061601642710472,0.0246406570841889
0,0.0725075528700906,0.0060422960725075,0.0483383685800604,0.0709969788519637,0.0347432024169184,0.0694864048338368,0.0332326283987915,0.052870090634441,0.0604229607250755,0.1027190332326284,0.0407854984894259,0.0332326283987915,0.0362537764350453,0.0362537764350453,0.0619335347432024,0.0649546827794562,0.0574018126888217,0.0694864048338368,0.0090634441087613,0.039274924471299
0,0.0707070707070707,0.0269360269360269,0.0471380471380471,0.0841750841750841,0.0336700336700336,0.0538720538720538,0.0067340067340067,0.0606060606060606,0.0841750841750841,0.074074074074074,0.0235690235690235,0.0572390572390572,0.0505050505050505,0.0269360269360269,0.0505050505050505,0.0841750841750841,0.0437710437710437,0.0808080808080808,0.0168350168350168,0.0235690235690235
0,0.088235294117647,0.0,0.0294117647058823,0.0294117647058823,0.0514705882352941,0.0735294117647058,0.0220588235294117,0.088235294117647,0.0147058823529411,0.088235294117647,0.0073529411764705,0.0588235294117647,0.0588235294117647,0.0294117647058823,0.0294117647058823,0.0808823529411764,0.0808823529411764,0.0808823529411764,0.0220588235294117,0.0661764705882353
0,0.046189376443418,0.0415704387990762,0.0508083140877598,0.0484988452655889,0.0646651270207852,0.0484988452655889,0.0207852193995381,0.0669745958429561,0.0762124711316397,0.092378752886836,0.0346420323325635,0.0554272517321016,0.0438799076212471,0.0577367205542725,0.0531177829099307,0.0646651270207852,0.0392609699769053,0.0600461893764434,0.0092378752886836,0.0254041570438799
0,0.112,0.0,0.088,0.088,0.016,0.032,0.048,0.048,0.072,0.12,0.024,0.056,0.024,0.04,0.064,0.072,0.024,0.032,0.0,0.04
0,0.103112840466926,0.0097276264591439,0.0544747081712062,0.0661478599221789,0.046692607003891,0.0875486381322957,0.0155642023346303,0.0603112840466926,0.0778210116731517,0.0661478599221789,0.0233463035019455,0.0505836575875486,0.0428015564202334,0.0330739299610894,0.0330739299610894,0.0525291828793774,0.0505836575875486,0.0894941634241245,0.0077821011673151,0.0291828793774319
0,0.0566037735849056,0.0485175202156334,0.0673854447439353,0.0646900269541779,0.0404312668463611,0.0754716981132075,0.0377358490566037,0.0485175202156334,0.0727762803234501,0.0566037735849056,0.0161725067385444,0.0431266846361186,0.0646900269541779,0.0296495956873315,0.0566037735849056,0.045822102425876,0.0539083557951482,0.0754716981132075,0.013477088948787,0.0323450134770889
0,0.088,0.016,0.04,0.096,0.008,0.06,0.024,0.052,0.084,0.096,0.02,0.04,0.02,0.04,0.048,0.064,0.064,0.068,0.02,0.052
0,0.0809352517985611,0.0125899280575539,0.066546762589928,0.079136690647482,0.0215827338129496,0.0449640287769784,0.0125899280575539,0.0683453237410072,0.1276978417266187,0.0755395683453237,0.0161870503597122,0.0629496402877697,0.0377697841726618,0.0377697841726618,0.0575539568345323,0.0575539568345323,0.0431654676258992,0.079136690647482,0.0035971223021582,0.014388489208633
0,0.0728260869565217,0.0119565217391304,0.0695652173913043,0.0956521739130434,0.0347826086956521,0.0445652173913043,0.0282608695652173,0.0521739130434782,0.0489130434782608,0.1054347826086956,0.0206521739130434,0.05,0.0467391304347826,0.0489130434782608,0.0934782608695652,0.0554347826086956,0.0326086956521739,0.042391304347826,0.0206521739130434,0.025
0,0.0784313725490196,0.0326797385620915,0.0784313725490196,0.065359477124183,0.0522875816993464,0.0849673202614379,0.0261437908496732,0.0392156862745098,0.0980392156862745,0.065359477124183,0.0392156862745098,0.0522875816993464,0.0392156862745098,0.0326797385620915,0.0196078431372549,0.0457516339869281,0.0392156862745098,0.0588235294117647,0.0130718954248366,0.0392156862745098
0,0.072463768115942,0.0289855072463768,0.0396135265700483,0.0550724637681159,0.0454106280193236,0.0502415458937198,0.017391304347826,0.0589371980676328,0.0492753623188405,0.0917874396135265,0.0251207729468599,0.0396135265700483,0.0405797101449275,0.0492753623188405,0.0502415458937198,0.0879227053140096,0.0695652173913043,0.0792270531400966,0.0144927536231884,0.0347826086956521
0,0.059369202226345,0.0185528756957328,0.0649350649350649,0.0426716141001855,0.0426716141001855,0.0705009276437847,0.0426716141001855,0.0482374768089053,0.0371057513914656,0.0779220779220779,0.0315398886827458,0.0538033395176252,0.0389610389610389,0.0333951762523191,0.0686456400742115,0.1001855287569573,0.059369202226345,0.072356215213358,0.0111317254174397,0.0259740259740259
0,0.0367454068241469,0.0131233595800524,0.0577427821522309,0.0761154855643044,0.0813648293963254,0.0236220472440944,0.0236220472440944,0.0892388451443569,0.0393700787401574,0.0866141732283464,0.0341207349081364,0.0656167979002624,0.0551181102362204,0.0524934383202099,0.0629921259842519,0.0446194225721784,0.0393700787401574,0.0656167979002624,0.0157480314960629,0.0367454068241469
0,0.0547945205479452,0.0,0.0410958904109589,0.047945205479452,0.0821917808219178,0.1095890410958904,0.0684931506849315,0.0821917808219178,0.0068493150684931,0.0547945205479452,0.0068493150684931,0.0821917808219178,0.047945205479452,0.0342465753424657,0.0547945205479452,0.0821917808219178,0.0410958904109589,0.0890410958904109,0.0068493150684931,0.0068493150684931
0,0.072463768115942,0.0289855072463768,0.0579710144927536,0.0869565217391304,0.0507246376811594,0.036231884057971,0.036231884057971,0.036231884057971,0.1014492753623188,0.1014492753623188,0.0217391304347826,0.0289855072463768,0.0507246376811594,0.0434782608695652,0.0289855072463768,0.0942028985507246,0.0507246376811594,0.0652173913043478,0.0,0.0072463768115942
0,0.0673076923076923,0.0128205128205128,0.0576923076923076,0.0331196581196581,0.0608974358974358,0.0779914529914529,0.0224358974358974,0.0491452991452991,0.0352564102564102,0.0737179487179487,0.0224358974358974,0.0566239316239316,0.0662393162393162,0.0416666666666666,0.0373931623931623,0.0854700854700854,0.0737179487179487,0.0555555555555555,0.0213675213675213,0.0491452991452991
0,0.0306122448979591,0.0153061224489795,0.0408163265306122,0.0816326530612244,0.0510204081632653,0.0918367346938775,0.0153061224489795,0.0714285714285714,0.1122448979591836,0.0612244897959183,0.0153061224489795,0.0408163265306122,0.0408163265306122,0.0357142857142857,0.1020408163265306,0.0255102040816326,0.0510204081632653,0.0816326530612244,0.0051020408163265,0.0306122448979591
0,0.1358313817330211,0.0046838407494145,0.0468384074941452,0.0398126463700234,0.0444964871194379,0.0889929742388758,0.018735362997658,0.0538641686182669,0.0515222482435597,0.0866510538641686,0.0046838407494145,0.0468384074941452,0.0351288056206089,0.0468384074941452,0.0468384074941452,0.0866510538641686,0.0398126463700234,0.0772833723653395,0.0046838407494145,0.0398126463700234
0,0.064569536423841,0.0074503311258278,0.0985099337748344,0.0629139072847682,0.0256622516556291,0.0844370860927152,0.0206953642384105,0.0380794701986755,0.070364238410596,0.0521523178807947,0.0364238410596026,0.0405629139072847,0.0596026490066225,0.0331125827814569,0.0562913907284768,0.0753311258278145,0.058774834437086,0.0728476821192053,0.0024834437086092,0.0397350993377483
0,0.0739130434782608,0.0239130434782608,0.0326086956521739,0.0326086956521739,0.0521739130434782,0.0369565217391304,0.0130434782608695,0.0739130434782608,0.0369565217391304,0.1152173913043478,0.0239130434782608,0.0608695652173913,0.05,0.0260869565217391,0.0739130434782608,0.0913043478260869,0.0717391304347826,0.058695652173913,0.0217391304347826,0.0304347826086956
0,0.0694275274056029,0.0182704019488428,0.0669914738124238,0.0828258221680877,0.0328867235079171,0.0377588306942752,0.0182704019488428,0.0499390986601705,0.0609013398294762,0.1303288672350791,0.0328867235079171,0.0401948842874543,0.0365408038976857,0.0572472594397076,0.0535931790499391,0.0487210718635809,0.05115712545676,0.0718635809987819,0.0048721071863581,0.0353227771010962
0,0.0928961748633879,0.0191256830601092,0.0519125683060109,0.0573770491803278,0.0601092896174863,0.0792349726775956,0.0273224043715847,0.0491803278688524,0.0519125683060109,0.081967213114754,0.0136612021857923,0.0300546448087431,0.0546448087431694,0.0464480874316939,0.0464480874316939,0.0601092896174863,0.0655737704918032,0.081967213114754,0.0081967213114754,0.0218579234972677
0,0.0672645739910313,0.0179372197309417,0.0627802690582959,0.0807174887892376,0.0358744394618834,0.0538116591928251,0.0313901345291479,0.0627802690582959,0.0762331838565022,0.0762331838565022,0.0627802690582959,0.0403587443946188,0.0269058295964125,0.0448430493273542,0.0538116591928251,0.0672645739910313,0.0403587443946188,0.085201793721973,0.0,0.0134529147982062
0,0.0717703349282296,0.0159489633173843,0.0510366826156299,0.0797448165869218,0.036682615629984,0.0494417862838915,0.0223285486443381,0.0462519936204146,0.0701754385964912,0.0909090909090909,0.0255183413078149,0.0526315789473684,0.0414673046251993,0.0414673046251993,0.0494417862838915,0.0669856459330143,0.0590111642743221,0.0733652312599681,0.0175438596491228,0.0382775119617224
0,0.1123188405797101,0.0072463768115942,0.0471014492753623,0.0760869565217391,0.036231884057971,0.0615942028985507,0.0181159420289855,0.0579710144927536,0.0543478260869565,0.0760869565217391,0.0217391304347826,0.0398550724637681,0.0471014492753623,0.0507246376811594,0.0471014492753623,0.0434782608695652,0.0869565217391304,0.0652173913043478,0.0253623188405797,0.0253623188405797
0,0.0677083333333333,0.0,0.0625,0.0703125,0.0364583333333333,0.0494791666666666,0.0104166666666666,0.0572916666666666,0.1041666666666666,0.1197916666666666,0.015625,0.046875,0.0286458333333333,0.0364583333333333,0.03125,0.0703125,0.0546875,0.0807291666666666,0.0130208333333333,0.0442708333333333
0,0.0551181102362204,0.0255905511811023,0.0413385826771653,0.0531496062992126,0.0492125984251968,0.0374015748031496,0.0196850393700787,0.0590551181102362,0.0492125984251968,0.0984251968503937,0.0334645669291338,0.0669291338582677,0.0551181102362204,0.0334645669291338,0.0472440944881889,0.0846456692913385,0.0551181102362204,0.0629921259842519,0.0236220472440944,0.0492125984251968
0,0.0605786618444846,0.0198915009041591,0.0533453887884267,0.0533453887884267,0.0153707052441229,0.0605786618444846,0.0298372513562386,0.0361663652802893,0.066003616636528,0.0714285714285714,0.0198915009041591,0.0497287522603978,0.0732368896925858,0.0361663652802893,0.0614828209764918,0.1274864376130199,0.0904159132007233,0.0488245931283905,0.0099457504520795,0.0162748643761302
0,0.0134228187919463,0.0,0.0805369127516778,0.0738255033557047,0.0604026845637583,0.046979865771812,0.0335570469798657,0.0604026845637583,0.0671140939597315,0.0402684563758389,0.0201342281879194,0.0805369127516778,0.0671140939597315,0.0604026845637583,0.0738255033557047,0.0402684563758389,0.0402684563758389,0.1006711409395973,0.0067114093959731,0.0335570469798657
0,0.0617283950617283,0.0205761316872428,0.051440329218107,0.0699588477366255,0.0452674897119341,0.051440329218107,0.0082304526748971,0.0576131687242798,0.0679012345679012,0.0802469135802469,0.0267489711934156,0.0349794238683127,0.0596707818930041,0.0596707818930041,0.0288065843621399,0.1131687242798353,0.0555555555555555,0.0720164609053498,0.0082304526748971,0.0267489711934156
0,0.0533980582524271,0.0113268608414239,0.0404530744336569,0.0728155339805825,0.0339805825242718,0.0485436893203883,0.0404530744336569,0.046925566343042,0.0647249190938511,0.0809061488673139,0.0210355987055016,0.0436893203883495,0.0776699029126213,0.0339805825242718,0.0614886731391585,0.0938511326860841,0.0501618122977346,0.076051779935275,0.0161812297734627,0.0323624595469255
0,0.0401284109149277,0.0096308186195826,0.0609951845906902,0.0658105939004815,0.0337078651685393,0.0417335473515248,0.0208667736757624,0.0449438202247191,0.0321027287319422,0.0626003210272873,0.0192616372391653,0.0465489566613162,0.0513643659711075,0.088282504012841,0.0738362760834671,0.1396468699839486,0.0786516853932584,0.0465489566613162,0.0064205457463884,0.0369181380417335
0,0.095575221238938,0.0300884955752212,0.0424778761061946,0.0336283185840707,0.0584070796460177,0.047787610619469,0.047787610619469,0.0619469026548672,0.031858407079646,0.1079646017699115,0.0389380530973451,0.0530973451327433,0.0353982300884955,0.0300884955752212,0.0460176991150442,0.0725663716814159,0.0513274336283185,0.0725663716814159,0.0141592920353982,0.0283185840707964
0,0.0604395604395604,0.0027472527472527,0.0604395604395604,0.0796703296703296,0.0741758241758241,0.0604395604395604,0.0219780219780219,0.0824175824175824,0.0604395604395604,0.0906593406593406,0.0247252747252747,0.0521978021978022,0.0192307692307692,0.0439560439560439,0.0384615384615384,0.0686813186813186,0.0549450549450549,0.0659340659340659,0.0109890109890109,0.0274725274725274
0,0.0694275274056029,0.0182704019488428,0.0669914738124238,0.0828258221680877,0.0328867235079171,0.0377588306942752,0.0182704019488428,0.0499390986601705,0.0609013398294762,0.1303288672350791,0.0328867235079171,0.0401948842874543,0.0365408038976857,0.0572472594397076,0.0535931790499391,0.0487210718635809,0.05115712545676,0.0718635809987819,0.0048721071863581,0.0353227771010962
0,0.1358313817330211,0.0046838407494145,0.0468384074941452,0.0398126463700234,0.0444964871194379,0.0889929742388758,0.018735362997658,0.0538641686182669,0.0515222482435597,0.0866510538641686,0.0046838407494145,0.0468384074941452,0.0351288056206089,0.0468384074941452,0.0468384074941452,0.0866510538641686,0.0398126463700234,0.0772833723653395,0.0046838407494145,0.0398126463700234
0,0.0551181102362204,0.0183727034120734,0.0524934383202099,0.0866141732283464,0.0629921259842519,0.0524934383202099,0.0183727034120734,0.0656167979002624,0.0629921259842519,0.1023622047244094,0.0262467191601049,0.0314960629921259,0.0498687664041994,0.0367454068241469,0.0367454068241469,0.0761154855643044,0.0472440944881889,0.0629921259842519,0.0131233595800524,0.0419947506561679
0,0.040650406504065,0.0,0.073170731707317,0.0975609756097561,0.056910569105691,0.040650406504065,0.024390243902439,0.056910569105691,0.1138211382113821,0.08130081300813,0.024390243902439,0.032520325203252,0.048780487804878,0.040650406504065,0.065040650406504,0.032520325203252,0.032520325203252,0.065040650406504,0.008130081300813,0.065040650406504
0,0.0634920634920634,0.0105820105820105,0.0529100529100529,0.0899470899470899,0.0423280423280423,0.0476190476190476,0.0158730158730158,0.0687830687830687,0.0846560846560846,0.0899470899470899,0.037037037037037,0.0687830687830687,0.0317460317460317,0.0264550264550264,0.0529100529100529,0.074074074074074,0.0211640211640211,0.0846560846560846,0.0211640211640211,0.0158730158730158
0,0.0739130434782608,0.0239130434782608,0.0326086956521739,0.0326086956521739,0.0521739130434782,0.0369565217391304,0.0130434782608695,0.0739130434782608,0.0369565217391304,0.1152173913043478,0.0239130434782608,0.0608695652173913,0.05,0.0260869565217391,0.0739130434782608,0.0913043478260869,0.0717391304347826,0.058695652173913,0.0217391304347826,0.0304347826086956
0,0.0367454068241469,0.0131233595800524,0.0577427821522309,0.0761154855643044,0.0813648293963254,0.0236220472440944,0.0236220472440944,0.0892388451443569,0.0393700787401574,0.0866141732283464,0.0341207349081364,0.0656167979002624,0.0551181102362204,0.0524934383202099,0.0629921259842519,0.0446194225721784,0.0393700787401574,0.0656167979002624,0.0157480314960629,0.0367454068241469
0,0.0753012048192771,0.0170682730923694,0.0552208835341365,0.0652610441767068,0.0491967871485943,0.071285140562249,0.0140562248995983,0.0783132530120482,0.0542168674698795,0.0873493975903614,0.0291164658634538,0.0401606425702811,0.038152610441767,0.0341365461847389,0.0451807228915662,0.0552208835341365,0.0662650602409638,0.0793172690763052,0.0140562248995983,0.0311244979919678
0,0.0847201210287443,0.0075642965204236,0.0499243570347957,0.075642965204236,0.0332829046898638,0.0605143721633888,0.0317700453857791,0.0499243570347957,0.0605143721633888,0.1119515885022692,0.0347957639939485,0.037821482602118,0.0317700453857791,0.0347957639939485,0.0665658093797276,0.0574886535552193,0.0529500756429652,0.0650529500756429,0.0090771558245083,0.0438729198184568
0,0.1515151515151515,0.0075757575757575,0.0378787878787878,0.0833333333333333,0.0454545454545454,0.0681818181818181,0.0075757575757575,0.0454545454545454,0.0681818181818181,0.0378787878787878,0.0227272727272727,0.053030303030303,0.0303030303030303,0.0227272727272727,0.0303030303030303,0.053030303030303,0.0681818181818181,0.1136363636363636,0.0151515151515151,0.0378787878787878
0,0.0367454068241469,0.0131233595800524,0.0577427821522309,0.0761154855643044,0.0813648293963254,0.0236220472440944,0.0236220472440944,0.0892388451443569,0.0393700787401574,0.0866141732283464,0.0341207349081364,0.0656167979002624,0.0551181102362204,0.0524934383202099,0.0629921259842519,0.0446194225721784,0.0393700787401574,0.0656167979002624,0.0157480314960629,0.0367454068241469
0,0.0728971962616822,0.016822429906542,0.0373831775700934,0.0654205607476635,0.0485981308411214,0.0785046728971962,0.016822429906542,0.0691588785046729,0.0542056074766355,0.1009345794392523,0.0317757009345794,0.0467289719626168,0.0579439252336448,0.0261682242990654,0.0504672897196261,0.0542056074766355,0.0598130841121495,0.0710280373831775,0.0093457943925233,0.0317757009345794
0,0.1,0.0197368421052631,0.0539473684210526,0.0684210526315789,0.0355263157894736,0.0539473684210526,0.0421052631578947,0.0486842105263157,0.0368421052631578,0.075,0.0223684210526315,0.0421052631578947,0.0342105263157894,0.0381578947368421,0.0776315789473684,0.0789473684210526,0.0578947368421052,0.0802631578947368,0.0144736842105263,0.0197368421052631
0,0.0739130434782608,0.0239130434782608,0.0326086956521739,0.0326086956521739,0.0521739130434782,0.0369565217391304,0.0130434782608695,0.0739130434782608,0.0369565217391304,0.1152173913043478,0.0239130434782608,0.0608695652173913,0.05,0.0260869565217391,0.0739130434782608,0.0913043478260869,0.0717391304347826,0.058695652173913,0.0217391304347826,0.0304347826086956
0,0.0585585585585585,0.0202702702702702,0.0563063063063063,0.0585585585585585,0.0608108108108108,0.0968468468468468,0.018018018018018,0.063063063063063,0.0653153153153153,0.0765765765765765,0.0225225225225225,0.0337837837837837,0.0495495495495495,0.0472972972972973,0.0405405405405405,0.0675675675675675,0.0495495495495495,0.0675675675675675,0.009009009009009,0.0382882882882882
0,0.0222222222222222,0.0,0.0444444444444444,0.1111111111111111,0.0518518518518518,0.0666666666666666,0.0148148148148148,0.0666666666666666,0.1037037037037037,0.074074074074074,0.0148148148148148,0.0444444444444444,0.0148148148148148,0.0296296296296296,0.0518518518518518,0.0814814814814814,0.0814814814814814,0.074074074074074,0.0222222222222222,0.0296296296296296
0,0.0902255639097744,0.0,0.0977443609022556,0.0676691729323308,0.0526315789473684,0.0225563909774436,0.0075187969924812,0.0601503759398496,0.075187969924812,0.1052631578947368,0.0300751879699248,0.0075187969924812,0.037593984962406,0.0451127819548872,0.0601503759398496,0.0827067669172932,0.0451127819548872,0.0902255639097744,0.0,0.0225563909774436
0,0.0367454068241469,0.0131233595800524,0.0577427821522309,0.0761154855643044,0.0813648293963254,0.0236220472440944,0.0236220472440944,0.0892388451443569,0.0393700787401574,0.0866141732283464,0.0341207349081364,0.0656167979002624,0.0551181102362204,0.0524934383202099,0.0629921259842519,0.0446194225721784,0.0393700787401574,0.0656167979002624,0.0157480314960629,0.0367454068241469
0,0.0625,0.0056818181818181,0.0454545454545454,0.0511363636363636,0.0426136363636363,0.2386363636363636,0.0227272727272727,0.03125,0.0539772727272727,0.0426136363636363,0.0170454545454545,0.0284090909090909,0.0454545454545454,0.0113636363636363,0.1022727272727272,0.0511363636363636,0.0227272727272727,0.0994318181818181,0.002840909090909,0.0227272727272727
0,0.0635294117647058,0.0211764705882352,0.0705882352941176,0.0894117647058823,0.0494117647058823,0.0588235294117647,0.0235294117647058,0.0541176470588235,0.0729411764705882,0.0870588235294117,0.0376470588235294,0.0235294117647058,0.0329411764705882,0.0588235294117647,0.0611764705882353,0.0423529411764705,0.0447058823529411,0.0823529411764705,0.0,0.0258823529411764
0,0.074792243767313,0.0110803324099723,0.0831024930747922,0.074792243767313,0.0498614958448753,0.0443213296398892,0.0304709141274238,0.0858725761772853,0.0581717451523545,0.0803324099722991,0.0166204986149584,0.0415512465373961,0.0470914127423822,0.0221606648199446,0.0470914127423822,0.0581717451523545,0.0554016620498614,0.0831024930747922,0.0055401662049861,0.0304709141274238
0,0.0730253353204172,0.0283159463487332,0.0342771982116244,0.0283159463487332,0.0685543964232488,0.0655737704918032,0.0104321907600596,0.081967213114754,0.0327868852459016,0.0983606557377049,0.0283159463487332,0.0268256333830104,0.052160953800298,0.0238450074515648,0.0417287630402384,0.0938897168405365,0.0581222056631892,0.0774962742175856,0.0283159463487332,0.0476900149031296
0,0.0442477876106194,0.0176991150442477,0.0707964601769911,0.0619469026548672,0.0353982300884955,0.0619469026548672,0.0176991150442477,0.0442477876106194,0.0530973451327433,0.0707964601769911,0.0530973451327433,0.0088495575221238,0.0265486725663716,0.0530973451327433,0.0619469026548672,0.0973451327433628,0.0707964601769911,0.079646017699115,0.0176991150442477,0.0530973451327433
0,0.1,0.0197368421052631,0.0539473684210526,0.0684210526315789,0.0355263157894736,0.0539473684210526,0.0421052631578947,0.0486842105263157,0.0368421052631578,0.075,0.0223684210526315,0.0421052631578947,0.0342105263157894,0.0381578947368421,0.0776315789473684,0.0789473684210526,0.0578947368421052,0.0802631578947368,0.0144736842105263,0.0197368421052631
0,0.1078431372549019,0.0,0.0490196078431372,0.0931372549019607,0.034313725490196,0.0294117647058823,0.0098039215686274,0.0245098039215686,0.1666666666666666,0.0637254901960784,0.0441176470588235,0.034313725490196,0.034313725490196,0.0441176470588235,0.0490196078431372,0.0833333333333333,0.0441176470588235,0.0441176470588235,0.0147058823529411,0.0294117647058823
0,0.104638619201726,0.0075512405609492,0.0560949298813376,0.0970873786407767,0.0280474649406688,0.0399137001078748,0.0312837108953613,0.0420711974110032,0.0690399137001078,0.1057173678532901,0.0258899676375404,0.0399137001078748,0.0258899676375404,0.0604099244875943,0.0593311758360302,0.0711974110032362,0.0453074433656957,0.0625674217907227,0.0053937432578209,0.0226537216828478
0,0.0542476970317297,0.0081883316274309,0.0491299897645854,0.0736949846468782,0.0665301944728761,0.0624360286591606,0.014329580348004,0.0655066530194472,0.0726714431934493,0.09007164790174,0.0307062436028659,0.0573183213920163,0.0337768679631525,0.0276356192425793,0.0542476970317297,0.0726714431934493,0.0655066530194472,0.0532241555783009,0.0153531218014329,0.0327533265097236
0,0.0864422202001819,0.0118289353958143,0.0491355777979981,0.0664240218380345,0.0409463148316651,0.0909918107370336,0.0236578707916287,0.0737033666969972,0.0627843494085532,0.0809827115559599,0.024567788898999,0.0363967242948134,0.0500454959053685,0.0300272975432211,0.0482256596906278,0.0582347588717015,0.0591446769790718,0.0646041856232939,0.0090991810737033,0.0327570518653321
0,0.0725075528700906,0.0060422960725075,0.0483383685800604,0.0709969788519637,0.0347432024169184,0.0694864048338368,0.0332326283987915,0.052870090634441,0.0604229607250755,0.1027190332326284,0.0407854984894259,0.0332326283987915,0.0362537764350453,0.0362537764350453,0.0619335347432024,0.0649546827794562,0.0574018126888217,0.0694864048338368,0.0090634441087613,0.039274924471299
0,0.1098901098901098,0.0109890109890109,0.0659340659340659,0.0769230769230769,0.0109890109890109,0.0329670329670329,0.0274725274725274,0.0274725274725274,0.0769230769230769,0.0769230769230769,0.0549450549450549,0.0659340659340659,0.0329670329670329,0.0219780219780219,0.0714285714285714,0.0439560439560439,0.0494505494505494,0.0549450549450549,0.0109890109890109,0.0769230769230769
0,0.1024844720496894,0.0186335403726708,0.031055900621118,0.0496894409937888,0.031055900621118,0.124223602484472,0.0248447204968944,0.0807453416149068,0.0683229813664596,0.0590062111801242,0.0217391304347826,0.0590062111801242,0.0403726708074534,0.0372670807453416,0.0372670807453416,0.0496894409937888,0.0683229813664596,0.077639751552795,0.0,0.0186335403726708
0,0.079295154185022,0.0176211453744493,0.052863436123348,0.1145374449339207,0.0572687224669603,0.0704845814977973,0.0176211453744493,0.039647577092511,0.0748898678414096,0.092511013215859,0.026431718061674,0.0616740088105726,0.039647577092511,0.0308370044052863,0.0176211453744493,0.0616740088105726,0.0616740088105726,0.0484581497797356,0.0088105726872246,0.026431718061674
0,0.0656370656370656,0.0077220077220077,0.0463320463320463,0.0347490347490347,0.0386100386100386,0.081081081081081,0.0386100386100386,0.0617760617760617,0.0888030888030888,0.0772200772200772,0.0193050193050193,0.0424710424710424,0.0501930501930501,0.0154440154440154,0.0926640926640926,0.0463320463320463,0.0656370656370656,0.0965250965250965,0.0038610038610038,0.027027027027027
0,0.1671826625386996,0.0030959752321981,0.0681114551083591,0.0959752321981424,0.0309597523219814,0.0433436532507739,0.0061919504643962,0.0464396284829721,0.0309597523219814,0.0866873065015479,0.0216718266253869,0.0743034055727554,0.0619195046439628,0.0526315789473684,0.0340557275541795,0.0340557275541795,0.0371517027863777,0.0897832817337461,0.0030959752321981,0.0123839009287925
0,0.0892070484581497,0.0110132158590308,0.0539647577092511,0.079295154185022,0.0418502202643171,0.0848017621145374,0.0154185022026431,0.0627753303964757,0.0803964757709251,0.0870044052863436,0.013215859030837,0.0374449339207048,0.0495594713656387,0.0253303964757709,0.0385462555066079,0.0539647577092511,0.0583700440528634,0.0814977973568281,0.01431718061674,0.0220264317180616
0,0.0563063063063063,0.018018018018018,0.0225225225225225,0.0585585585585585,0.0608108108108108,0.054054054054054,0.018018018018018,0.0585585585585585,0.0382882882882882,0.1216216216216216,0.0225225225225225,0.036036036036036,0.0472972972972973,0.0315315315315315,0.0405405405405405,0.072072072072072,0.0788288288288288,0.1036036036036036,0.0157657657657657,0.045045045045045
0,0.0595238095238095,0.0014880952380952,0.0520833333333333,0.0803571428571428,0.0386904761904761,0.056547619047619,0.0178571428571428,0.0550595238095238,0.0788690476190476,0.0848214285714285,0.0372023809523809,0.0446428571428571,0.0342261904761904,0.0446428571428571,0.0550595238095238,0.0654761904761904,0.0699404761904761,0.0758928571428571,0.0089285714285714,0.0386904761904761
0,0.0593065693430656,0.0082116788321167,0.0602189781021897,0.0620437956204379,0.0291970802919708,0.0812043795620438,0.0310218978102189,0.0565693430656934,0.0593065693430656,0.0775547445255474,0.0255474452554744,0.0474452554744525,0.0647810218978102,0.041970802919708,0.0711678832116788,0.0875912408759124,0.0428832116788321,0.0520072992700729,0.0118613138686131,0.0301094890510948
0,0.056701030927835,0.0154639175257731,0.0532646048109965,0.0532646048109965,0.0601374570446735,0.070446735395189,0.0206185567010309,0.0395189003436426,0.070446735395189,0.0945017182130584,0.0137457044673539,0.0584192439862542,0.0429553264604811,0.0446735395189003,0.0343642611683848,0.0721649484536082,0.056701030927835,0.056701030927835,0.0240549828178694,0.0618556701030927
0,0.088235294117647,0.0,0.0294117647058823,0.0294117647058823,0.0514705882352941,0.0735294117647058,0.0220588235294117,0.088235294117647,0.0147058823529411,0.088235294117647,0.0073529411764705,0.0588235294117647,0.0588235294117647,0.0294117647058823,0.0294117647058823,0.0808823529411764,0.0808823529411764,0.0808823529411764,0.0220588235294117,0.0661764705882353
0,0.1,0.0197368421052631,0.0539473684210526,0.0684210526315789,0.0355263157894736,0.0539473684210526,0.0421052631578947,0.0486842105263157,0.0368421052631578,0.075,0.0223684210526315,0.0421052631578947,0.0342105263157894,0.0381578947368421,0.0776315789473684,0.0789473684210526,0.0578947368421052,0.0802631578947368,0.0144736842105263,0.0197368421052631
0,0.0367454068241469,0.0131233595800524,0.0577427821522309,0.0761154855643044,0.0813648293963254,0.0236220472440944,0.0236220472440944,0.0892388451443569,0.0393700787401574,0.0866141732283464,0.0341207349081364,0.0656167979002624,0.0551181102362204,0.0524934383202099,0.0629921259842519,0.0446194225721784,0.0393700787401574,0.0656167979002624,0.0157480314960629,0.0367454068241469
0,0.0805739514348785,0.0143487858719646,0.0562913907284768,0.0783664459161147,0.043046357615894,0.0551876379690949,0.0165562913907284,0.0485651214128035,0.0607064017660044,0.0927152317880794,0.0187637969094922,0.0507726269315673,0.0772626931567329,0.0353200883002207,0.0309050772626931,0.0772626931567329,0.0596026490066225,0.0518763796909492,0.0154525386313465,0.0364238410596026
0,0.0655129789864029,0.069221260815822,0.0679851668726823,0.072929542645241,0.0309023485784919,0.0642768850432632,0.0135970333745364,0.0482076637824474,0.0642768850432632,0.07663782447466,0.0210135970333745,0.0568603213844252,0.0531520395550061,0.0284301606922126,0.0482076637824474,0.0519159456118665,0.0580964153275649,0.0630407911001236,0.0098887515451174,0.0358467243510506
0,0.0660194174757281,0.0077669902912621,0.074757281553398,0.0932038834951456,0.0514563106796116,0.0563106796116504,0.0242718446601941,0.0524271844660194,0.0922330097087378,0.0786407766990291,0.0194174757281553,0.0436893203883495,0.029126213592233,0.033009708737864,0.0485436893203883,0.0844660194174757,0.0543689320388349,0.0543689320388349,0.0116504854368932,0.0242718446601941
0,0.0764044943820224,0.0247191011235955,0.0426966292134831,0.0404494382022471,0.0426966292134831,0.0426966292134831,0.0157303370786516,0.096629213483146,0.0516853932584269,0.0943820224719101,0.0224719101123595,0.0292134831460674,0.0539325842696629,0.0314606741573033,0.0674157303370786,0.0719101123595505,0.0719101123595505,0.0764044943820224,0.0224719101123595,0.0247191011235955
0,0.0920502092050209,0.0146443514644351,0.0669456066945606,0.0648535564853556,0.0481171548117154,0.0481171548117154,0.0146443514644351,0.0523012552301255,0.0732217573221757,0.1129707112970711,0.0251046025104602,0.0334728033472803,0.0230125523012552,0.0543933054393305,0.0564853556485355,0.0648535564853556,0.0648535564853556,0.0669456066945606,0.0104602510460251,0.0125523012552301
0,0.0721649484536082,0.0123711340206185,0.0783505154639175,0.0762886597938144,0.0721649484536082,0.0185567010309278,0.0164948453608247,0.0536082474226804,0.0824742268041237,0.068041237113402,0.0391752577319587,0.0515463917525773,0.0412371134020618,0.0350515463917525,0.0474226804123711,0.0989690721649484,0.0536082474226804,0.0577319587628866,0.0061855670103092,0.0185567010309278
0,0.0683229813664596,0.0248447204968944,0.0869565217391304,0.0496894409937888,0.0559006211180124,0.0745341614906832,0.0372670807453416,0.0683229813664596,0.0683229813664596,0.0559006211180124,0.031055900621118,0.0559006211180124,0.0372670807453416,0.0372670807453416,0.0248447204968944,0.062111801242236,0.062111801242236,0.0559006211180124,0.0062111801242236,0.0372670807453416
0,0.0753880266075388,0.024390243902439,0.048780487804878,0.0931263858093126,0.0354767184035476,0.0753880266075388,0.0221729490022172,0.0709534368070953,0.0620842572062084,0.1108647450110864,0.0310421286031042,0.024390243902439,0.0288248337028824,0.0376940133037694,0.0443458980044345,0.0532150776053215,0.0509977827050997,0.0776053215077605,0.0066518847006651,0.0266075388026607
0,0.046189376443418,0.0415704387990762,0.0508083140877598,0.0484988452655889,0.0646651270207852,0.0484988452655889,0.0207852193995381,0.0669745958429561,0.0762124711316397,0.092378752886836,0.0346420323325635,0.0554272517321016,0.0438799076212471,0.0577367205542725,0.0531177829099307,0.0646651270207852,0.0392609699769053,0.0600461893764434,0.0092378752886836,0.0254041570438799
0,0.079967689822294,0.0145395799676898,0.0468497576736672,0.0541195476575121,0.0339256865912762,0.0686591276252019,0.0161550888529886,0.0831987075928917,0.0654281098546042,0.08562197092084,0.0274636510500807,0.0411954765751211,0.0436187399030694,0.0331179321486268,0.0347334410339256,0.0936995153473344,0.061389337641357,0.0953150242326332,0.0072697899838449,0.0137318255250403
0,0.0502793296089385,0.0111731843575419,0.0391061452513966,0.0670391061452514,0.0614525139664804,0.0670391061452514,0.0111731843575419,0.0558659217877094,0.0782122905027933,0.1284916201117318,0.0335195530726257,0.0502793296089385,0.0391061452513966,0.0335195530726257,0.0279329608938547,0.0558659217877094,0.0893854748603352,0.0558659217877094,0.0223463687150838,0.0223463687150838
0,0.0367454068241469,0.0131233595800524,0.0577427821522309,0.0761154855643044,0.0813648293963254,0.0236220472440944,0.0236220472440944,0.0892388451443569,0.0393700787401574,0.0866141732283464,0.0341207349081364,0.0656167979002624,0.0551181102362204,0.0524934383202099,0.0629921259842519,0.0446194225721784,0.0393700787401574,0.0656167979002624,0.0157480314960629,0.0367454068241469
0,0.0766129032258064,0.0040322580645161,0.0524193548387096,0.0927419354838709,0.0282258064516129,0.0564516129032258,0.0201612903225806,0.1008064516129032,0.0725806451612903,0.0887096774193548,0.0120967741935483,0.0483870967741935,0.0403225806451612,0.0362903225806451,0.0403225806451612,0.0443548387096774,0.064516129032258,0.0685483870967741,0.0080645161290322,0.0443548387096774
0,0.076036866359447,0.0046082949308755,0.0552995391705069,0.0714285714285714,0.0529953917050691,0.152073732718894,0.0184331797235023,0.0414746543778801,0.0391705069124423,0.0345622119815668,0.0138248847926267,0.076036866359447,0.0483870967741935,0.0414746543778801,0.0714285714285714,0.0691244239631336,0.0414746543778801,0.0368663594470046,0.0161290322580645,0.0391705069124423
0,0.1015625,0.0140625,0.0546875,0.0453125,0.034375,0.08125,0.0140625,0.05625,0.0609375,0.109375,0.015625,0.0359375,0.05,0.0375,0.053125,0.059375,0.05,0.0953125,0.0140625,0.0171875
0,0.0814991076740035,0.0166567519333729,0.0553242117787031,0.0773349196906603,0.0422367638310529,0.0464009518143961,0.0261748958953004,0.0553242117787031,0.0648423557406305,0.1088637715645449,0.0237953599048185,0.0559190957763236,0.0362879238548483,0.0571088637715645,0.0446162998215348,0.048780487804878,0.039857227840571,0.0701963117192147,0.0095181439619274,0.0392623438429506
0,0.0482456140350877,0.0131578947368421,0.0614035087719298,0.0657894736842105,0.0657894736842105,0.0614035087719298,0.0263157894736842,0.0350877192982456,0.0614035087719298,0.0789473684210526,0.0131578947368421,0.0964912280701754,0.043859649122807,0.0350877192982456,0.0526315789473684,0.0745614035087719,0.0394736842105263,0.0701754385964912,0.0219298245614035,0.0350877192982456
0,0.0767543859649122,0.0263157894736842,0.0657894736842105,0.0767543859649122,0.0416666666666666,0.0679824561403508,0.0285087719298245,0.0526315789473684,0.0394736842105263,0.0767543859649122,0.0328947368421052,0.0394736842105263,0.0460526315789473,0.0328947368421052,0.0526315789473684,0.0526315789473684,0.0635964912280701,0.0745614035087719,0.0087719298245614,0.043859649122807
0,0.0605416887944769,0.0143388210302708,0.0626659585767392,0.088688263409453,0.0361125862984599,0.0414232607541157,0.0302708443972384,0.0477960701009028,0.0823154540626659,0.0653212958045671,0.0408921933085501,0.0377057886351566,0.0594795539033457,0.0578863515666489,0.0562931492299522,0.0722251725969198,0.0483271375464684,0.0557620817843866,0.0095592140201805,0.0323951141795008
